1.60 -112.8173434 -0.38506
1.70 -112.9755232 -0.32788
1.80 -113.0777218 -0.26677
1.90 -113.1397696 -0.20282
2.00 -113.1731713 -0.13706
2.10 -113.1863110 -0.07046
2.15 -113.1872665 -0.03714
2.20 -113.1853124 -0.00395
2.30 -113.1746530 0.06161
2.50 -113.1365499 0.18687
2.70 -113.0888249 0.30027
2.90 -113.0401120 0.39832
3.10 -112.9945608 0.47853
3.30 -112.9539327 0.53878
3.50 -112.9187699 0.57690
3.70 -112.8890178 0.59088
3.90 -112.8643389 0.57953
4.10 -112.8442656 0.54358
4.30 -112.8282707 0.48676
4.50 -112.8158038 0.41681
5.00 -112.7896999 0.24714